@ ./zeo_outputs/SBMOF-1.cif.sa Unitcell_volume: 1472.21   Density: 1.55363   ASA_A^2: 516.013 ASA_m^2/cm^3: 3505.03 ASA_m^2/g: 2256.02 NASA_A^2: 0.0470095 NASA_m^2/cm^3: 0.319313 NASA_m^2/g: 0.205527
Number_of_channels: 1 Channel_surface_area_A^2: 516.013  
Number_of_pockets: 12 Pocket_surface_area_A^2: 0.0336668  0  0  0  0  0  0  0.0084167  0  0  0.00492602  0  
